osu file format v14

[General]
AudioFilename: audio.mp3
AudioLeadIn: 0
PreviewTime: 51009
Countdown: 0
SampleSet: Soft
StackLeniency: 0.7
Mode: 3
LetterboxInBreaks: 0
SpecialStyle: 0
WidescreenStoryboard: 1

[Editor]
DistanceSpacing: 1
BeatDivisor: 2
GridSize: 32
TimelineZoom: 0.5999999

[Metadata]
Title:Aisuru Youni
TitleUnicode:愛するように
Artist:Kotoha
ArtistUnicode:Kotoha
Creator:[ Kloc ]
Version:Slowpoke's Easy
Source:
Tags:slowpoke104 mimi as i love you feat. 可不 kafu japanese pop j-pop jpop ballad cover ハコリリ hakolili ハコニワリリィ hakoniwalily aiceclass はるっと haltto
BeatmapID:5299893
BeatmapSetID:2430695

[Difficulty]
HPDrainRate:6
CircleSize:4
OverallDifficulty:6
ApproachRate:5
SliderMultiplier:1.4
SliderTickRate:1

[Events]
//Background and Video events
0,0,"bg.jpg",0,0
//Break Periods
//Storyboard Layer 0 (Background)
//Storyboard Layer 1 (Fail)
//Storyboard Layer 2 (Pass)
//Storyboard Layer 3 (Foreground)
//Storyboard Layer 4 (Overlay)
//Storyboard Sound Samples

[TimingPoints]
664,638.297872340426,4,2,1,30,1,0
51727,-100,4,2,1,30,0,1
72153,-100,4,2,1,30,0,0
133429,-100,4,2,1,30,0,1
153855,-100,4,2,1,30,0,0


[HitObjects]
64,192,664,5,0,0:0:0:0:
320,192,983,1,0,0:0:0:0:
192,192,1302,1,0,0:0:0:0:
448,192,1621,1,0,0:0:0:0:
64,192,2259,1,0,0:0:0:0:
448,192,2578,1,0,0:0:0:0:
64,192,3217,1,0,0:0:0:0:
320,192,3536,1,0,0:0:0:0:
192,192,3855,1,0,0:0:0:0:
448,192,4174,1,0,0:0:0:0:
64,192,4812,1,0,0:0:0:0:
320,192,5132,1,0,0:0:0:0:
64,192,5770,1,0,0:0:0:0:
320,192,6089,1,0,0:0:0:0:
192,192,6408,1,0,0:0:0:0:
448,192,6727,1,0,0:0:0:0:
64,192,7366,1,0,0:0:0:0:
448,192,7685,1,0,0:0:0:0:
64,192,8323,1,0,0:0:0:0:
448,192,8642,1,0,0:0:0:0:
192,192,8961,1,0,0:0:0:0:
320,192,9281,1,0,0:0:0:0:
64,192,9919,1,0,0:0:0:0:
448,192,10238,1,0,0:0:0:0:
64,192,10876,1,0,0:0:0:0:
320,192,11195,1,0,0:0:0:0:
192,192,11515,1,0,0:0:0:0:
448,192,11834,1,0,0:0:0:0:
64,192,12472,1,0,0:0:0:0:
448,192,12791,1,0,0:0:0:0:
64,192,13429,1,0,0:0:0:0:
320,192,13749,1,0,0:0:0:0:
448,192,14068,1,0,0:0:0:0:
192,192,14387,1,0,0:0:0:0:
64,192,15025,1,0,0:0:0:0:
448,192,15344,1,0,0:0:0:0:
64,192,15983,1,0,0:0:0:0:
320,192,16302,1,0,0:0:0:0:
192,192,16621,1,0,0:0:0:0:
448,192,16940,1,0,0:0:0:0:
64,192,17578,1,0,0:0:0:0:
320,192,17898,1,0,0:0:0:0:
192,192,18536,1,0,0:0:0:0:
448,192,18855,1,0,0:0:0:0:
64,192,19174,1,0,0:0:0:0:
320,192,19812,1,0,0:0:0:0:
192,192,20451,1,0,0:0:0:0:
320,192,20770,1,0,0:0:0:0:
448,192,21089,128,0,21727:0:0:0:0:
192,192,21727,128,0,22366:0:0:0:0:
448,192,22366,1,0,0:0:0:0:
320,192,23004,1,0,0:0:0:0:
192,192,23323,1,0,0:0:0:0:
64,192,23642,128,0,24281:0:0:0:0:
320,192,24281,128,0,24919:0:0:0:0:
64,192,24919,1,0,0:0:0:0:
192,192,25557,1,0,0:0:0:0:
448,192,25876,1,0,0:0:0:0:
320,192,26195,128,0,26834:0:0:0:0:
64,192,26834,128,0,27472:0:0:0:0:
320,192,27472,1,0,0:0:0:0:
64,192,28110,1,0,0:0:0:0:
320,192,28429,1,0,0:0:0:0:
192,192,28749,128,0,29387:0:0:0:0:
448,192,29387,128,0,30025:0:0:0:0:
192,192,30025,1,0,0:0:0:0:
64,192,30664,1,0,0:0:0:0:
448,192,30983,1,0,0:0:0:0:
320,192,31302,128,0,31940:0:0:0:0:
64,192,31940,128,0,32578:0:0:0:0:
448,192,32578,1,0,0:0:0:0:
192,192,33217,1,0,0:0:0:0:
64,192,33536,1,0,0:0:0:0:
448,192,33855,128,0,34493:0:0:0:0:
192,192,34493,128,0,35132:0:0:0:0:
448,192,35132,1,0,0:0:0:0:
320,192,35770,1,0,0:0:0:0:
192,192,36089,1,0,0:0:0:0:
64,192,36408,128,0,37046:0:0:0:0:
320,192,37046,128,0,37685:0:0:0:0:
64,192,37685,1,0,0:0:0:0:
448,192,38323,1,0,0:0:0:0:
320,192,38642,1,0,0:0:0:0:
192,192,38961,128,0,39600:0:0:0:0:
448,192,39600,128,0,40238:0:0:0:0:
192,192,40238,1,0,0:0:0:0:
64,192,40876,1,0,0:0:0:0:
448,192,41515,1,0,0:0:0:0:
192,192,41834,1,0,0:0:0:0:
448,192,42153,128,0,42791:0:0:0:0:
64,192,42791,1,0,0:0:0:0:
320,192,43110,1,0,0:0:0:0:
64,192,43429,128,0,44068:0:0:0:0:
448,192,44068,1,0,0:0:0:0:
320,192,44387,1,0,0:0:0:0:
192,192,44706,1,0,0:0:0:0:
64,192,45025,1,0,0:0:0:0:
448,192,45344,128,0,45983:0:0:0:0:
64,192,45983,1,0,0:0:0:0:
192,192,46621,1,0,0:0:0:0:
320,192,46940,1,0,0:0:0:0:
64,192,47259,128,0,47898:0:0:0:0:
320,192,47898,1,0,0:0:0:0:
192,192,48217,1,0,0:0:0:0:
448,192,48536,128,0,49174:0:0:0:0:
64,192,49174,1,0,0:0:0:0:
192,192,49493,1,0,0:0:0:0:
320,192,49812,1,0,0:0:0:0:
448,192,50132,1,0,0:0:0:0:
64,192,50451,128,0,51089:0:0:0:0:
448,192,51089,128,0,51727:0:0:0:0:
64,192,51727,1,0,0:0:0:0:
320,192,52046,1,0,0:0:0:0:
192,192,52366,1,0,0:0:0:0:
448,192,52685,1,0,0:0:0:0:
320,192,53004,128,0,53642:0:0:0:0:
64,192,53642,128,0,54281:0:0:0:0:
448,192,54281,1,0,0:0:0:0:
192,192,54600,1,0,0:0:0:0:
320,192,54919,1,0,0:0:0:0:
64,192,55238,1,0,0:0:0:0:
192,192,55557,128,0,56195:0:0:0:0:
448,192,56195,128,0,56834:0:0:0:0:
192,192,56834,1,0,0:0:0:0:
320,192,57153,1,0,0:0:0:0:
64,192,57472,1,0,0:0:0:0:
448,192,57791,1,0,0:0:0:0:
192,192,58110,128,0,58749:0:0:0:0:
64,192,58749,128,0,59387:0:0:0:0:
320,192,59387,1,0,0:0:0:0:
192,192,59706,1,0,0:0:0:0:
448,192,60025,1,0,0:0:0:0:
64,192,60344,1,0,0:0:0:0:
320,192,60664,128,0,61302:0:0:0:0:
448,192,61302,128,0,61940:0:0:0:0:
192,192,61940,1,0,0:0:0:0:
320,192,62259,1,0,0:0:0:0:
64,192,62578,1,0,0:0:0:0:
192,192,62898,1,0,0:0:0:0:
448,192,63217,128,0,63855:0:0:0:0:
64,192,63855,128,0,64493:0:0:0:0:
320,192,64493,1,0,0:0:0:0:
192,192,64812,1,0,0:0:0:0:
448,192,65132,1,0,0:0:0:0:
320,192,65451,1,0,0:0:0:0:
64,192,65770,128,0,66408:0:0:0:0:
320,192,66408,1,0,0:0:0:0:
192,192,66727,1,0,0:0:0:0:
448,192,67046,128,0,67685:0:0:0:0:
192,192,67685,1,0,0:0:0:0:
64,192,68004,1,0,0:0:0:0:
320,192,68323,128,0,68961:0:0:0:0:
192,192,68961,128,0,69600:0:0:0:0:
448,192,69600,1,0,0:0:0:0:
64,192,69919,1,0,0:0:0:0:
320,192,70238,1,0,0:0:0:0:
192,192,70557,1,0,0:0:0:0:
64,192,70876,128,0,71515:0:0:0:0:
448,192,71515,1,0,0:0:0:0:
320,192,72153,1,0,0:0:0:0:
192,192,72791,1,0,0:0:0:0:
448,192,73110,1,0,0:0:0:0:
64,192,73429,1,0,0:0:0:0:
320,192,74068,1,0,0:0:0:0:
192,192,74706,1,0,0:0:0:0:
448,192,75025,1,0,0:0:0:0:
64,192,75344,1,0,0:0:0:0:
192,192,75664,1,0,0:0:0:0:
320,192,75983,1,0,0:0:0:0:
448,192,76621,1,0,0:0:0:0:
192,192,77259,1,0,0:0:0:0:
320,192,77898,1,0,0:0:0:0:
64,192,78217,1,0,0:0:0:0:
448,192,78536,1,0,0:0:0:0:
192,192,79174,1,0,0:0:0:0:
320,192,79812,1,0,0:0:0:0:
64,192,80132,1,0,0:0:0:0:
448,192,80451,1,0,0:0:0:0:
192,192,80770,1,0,0:0:0:0:
64,192,81089,1,0,0:0:0:0:
448,192,81727,1,0,0:0:0:0:
320,192,82366,1,0,0:0:0:0:
192,192,83004,1,0,0:0:0:0:
448,192,83323,1,0,0:0:0:0:
64,192,83642,1,0,0:0:0:0:
320,192,84281,1,0,0:0:0:0:
192,192,84600,1,0,0:0:0:0:
448,192,84919,1,0,0:0:0:0:
64,192,85557,1,0,0:0:0:0:
320,192,85876,1,0,0:0:0:0:
192,192,86195,1,0,0:0:0:0:
320,192,86834,1,0,0:0:0:0:
64,192,87472,1,0,0:0:0:0:
320,192,88110,1,0,0:0:0:0:
448,192,88429,1,0,0:0:0:0:
192,192,88749,1,0,0:0:0:0:
320,192,89387,1,0,0:0:0:0:
448,192,90025,1,0,0:0:0:0:
64,192,90344,1,0,0:0:0:0:
192,192,90664,1,0,0:0:0:0:
320,192,90983,1,0,0:0:0:0:
64,192,91302,1,0,0:0:0:0:
192,192,91940,128,0,92578:0:0:0:0:
448,192,92578,1,0,0:0:0:0:
320,192,92898,1,0,0:0:0:0:
64,192,93217,1,0,0:0:0:0:
192,192,93536,1,0,0:0:0:0:
320,192,93855,128,0,94493:0:0:0:0:
64,192,94493,128,0,95132:0:0:0:0:
320,192,95132,1,0,0:0:0:0:
448,192,95451,1,0,0:0:0:0:
192,192,95770,1,0,0:0:0:0:
64,192,96089,1,0,0:0:0:0:
448,192,96408,128,0,97046:0:0:0:0:
192,192,97046,128,0,97685:0:0:0:0:
448,192,97685,1,0,0:0:0:0:
320,192,98004,1,0,0:0:0:0:
192,192,98323,1,0,0:0:0:0:
64,192,98642,1,0,0:0:0:0:
320,192,98961,128,0,99600:0:0:0:0:
64,192,99600,128,0,100238:0:0:0:0:
448,192,100238,1,0,0:0:0:0:
192,192,100557,1,0,0:0:0:0:
448,192,100876,1,0,0:0:0:0:
64,192,101195,1,0,0:0:0:0:
192,192,101515,128,0,102153:0:0:0:0:
448,192,102153,128,0,102791:0:0:0:0:
64,192,102791,1,0,0:0:0:0:
192,192,103110,1,0,0:0:0:0:
448,192,103429,1,0,0:0:0:0:
320,192,103749,1,0,0:0:0:0:
192,192,104068,128,0,104706:0:0:0:0:
448,192,104706,128,0,105344:0:0:0:0:
192,192,105344,1,0,0:0:0:0:
64,192,105664,1,0,0:0:0:0:
320,192,105983,1,0,0:0:0:0:
448,192,106302,1,0,0:0:0:0:
64,192,106621,128,0,107259:0:0:0:0:
320,192,107259,128,0,107898:0:0:0:0:
64,192,107898,1,0,0:0:0:0:
192,192,108217,1,0,0:0:0:0:
320,192,108536,1,0,0:0:0:0:
448,192,108855,1,0,0:0:0:0:
192,192,109174,128,0,109812:0:0:0:0:
448,192,109812,128,0,110451:0:0:0:0:
320,192,110451,128,0,112366:0:0:0:0:
192,192,113004,1,0,0:0:0:0:
192,192,113642,1,0,0:0:0:0:
448,192,114281,128,0,114919:0:0:0:0:
64,192,115557,1,0,0:0:0:0:
64,192,116195,1,0,0:0:0:0:
320,192,116834,128,0,117472:0:0:0:0:
192,192,117472,128,0,118110:0:0:0:0:
448,192,118110,1,0,0:0:0:0:
448,192,118749,1,0,0:0:0:0:
192,192,119387,128,0,120025:0:0:0:0:
320,192,120664,1,0,0:0:0:0:
320,192,121302,1,0,0:0:0:0:
64,192,121940,128,0,122578:0:0:0:0:
448,192,122578,128,0,123217:0:0:0:0:
192,192,123217,1,0,0:0:0:0:
192,192,123855,1,0,0:0:0:0:
448,192,124493,128,0,125132:0:0:0:0:
320,192,125132,128,0,125770:0:0:0:0:
64,192,125770,1,0,0:0:0:0:
64,192,126408,1,0,0:0:0:0:
320,192,127046,128,0,127685:0:0:0:0:
64,192,127685,1,0,0:0:0:0:
448,192,128004,1,0,0:0:0:0:
192,192,128323,128,0,128961:0:0:0:0:
448,192,128961,1,0,0:0:0:0:
64,192,129281,1,0,0:0:0:0:
320,192,129600,128,0,130238:0:0:0:0:
192,192,130238,128,0,130876:0:0:0:0:
448,192,130876,1,0,0:0:0:0:
320,192,131515,1,0,0:0:0:0:
64,192,132153,128,0,132791:0:0:0:0:
448,192,133429,1,0,0:0:0:0:
192,192,133749,1,0,0:0:0:0:
320,192,134068,1,0,0:0:0:0:
64,192,134387,1,0,0:0:0:0:
192,192,134706,128,0,135344:0:0:0:0:
448,192,135344,128,0,135983:0:0:0:0:
64,192,135983,1,0,0:0:0:0:
320,192,136302,1,0,0:0:0:0:
192,192,136621,1,0,0:0:0:0:
448,192,136940,1,0,0:0:0:0:
320,192,137259,128,0,137898:0:0:0:0:
64,192,137898,128,0,138536:0:0:0:0:
320,192,138536,1,0,0:0:0:0:
192,192,138855,1,0,0:0:0:0:
448,192,139174,1,0,0:0:0:0:
64,192,139493,1,0,0:0:0:0:
320,192,139812,128,0,140451:0:0:0:0:
448,192,140451,128,0,141089:0:0:0:0:
192,192,141089,1,0,0:0:0:0:
320,192,141408,1,0,0:0:0:0:
64,192,141727,1,0,0:0:0:0:
448,192,142046,1,0,0:0:0:0:
192,192,142366,128,0,143004:0:0:0:0:
64,192,143004,128,0,143642:0:0:0:0:
320,192,143642,1,0,0:0:0:0:
192,192,143961,1,0,0:0:0:0:
448,192,144281,1,0,0:0:0:0:
320,192,144600,1,0,0:0:0:0:
64,192,144919,128,0,145557:0:0:0:0:
448,192,145557,128,0,146195:0:0:0:0:
192,192,146195,1,0,0:0:0:0:
320,192,146515,1,0,0:0:0:0:
64,192,146834,1,0,0:0:0:0:
192,192,147153,1,0,0:0:0:0:
448,192,147472,128,0,148110:0:0:0:0:
192,192,148110,1,0,0:0:0:0:
320,192,148429,1,0,0:0:0:0:
64,192,148749,128,0,149387:0:0:0:0:
320,192,149387,1,0,0:0:0:0:
448,192,149706,1,0,0:0:0:0:
192,192,150025,128,0,150664:0:0:0:0:
320,192,150664,128,0,151302:0:0:0:0:
64,192,151302,1,0,0:0:0:0:
448,192,151621,1,0,0:0:0:0:
192,192,151940,1,0,0:0:0:0:
320,192,152259,1,0,0:0:0:0:
448,192,152578,128,0,153217:0:0:0:0:
64,192,153217,1,0,0:0:0:0:
320,192,153855,1,0,0:0:0:0:
448,192,154493,1,0,0:0:0:0:
192,192,155132,1,0,0:0:0:0:
192,192,155770,1,0,0:0:0:0:
320,192,156408,1,0,0:0:0:0:
64,192,157046,1,0,0:0:0:0:
448,192,157685,1,0,0:0:0:0:
192,192,158323,1,0,0:0:0:0:
64,192,158961,1,0,0:0:0:0:
