osu file format v14
[General]
AudioFilename: audio.mp3
AudioLeadIn: 0
Mode: 3
[Difficulty]
CircleSize: 4
[TimingPoints]
0,500,4,1,0,100,1,0
[HitObjects]
320,192,5002,1,0,0:0:0:0:0:
448,192,5050,1,0,0:0:0:0:0:
64,192,5087,128,0,5461:0:0:0:0:
448,192,5418,128,0,5749:0:0:0:0:
64,192,5711,1,0,0:0:0:0:0:
320,192,5840,1,0,0:0:0:0:0:
448,192,5967,128,0,6341:0:0:0:0:
64,192,6330,1,0,0:0:0:0:0:
448,192,6661,1,0,0:0:0:0:0:
64,192,6831,1,0,0:0:0:0:0:
448,192,6960,128,0,7370:0:0:0:0:
320,192,7360,1,0,0:0:0:0:0:
64,192,7669,128,0,8378:0:0:0:0:
448,192,9088,128,0,10698:0:0:0:0:
64,192,11082,128,0,12458:0:0:0:0:
448,192,12629,1,0,0:0:0:0:0:
64,192,12810,1,0,0:0:0:0:0:
448,192,12911,1,0,0:0:0:0:0:
320,192,13082,1,0,0:0:0:0:0:
64,192,13328,1,0,0:0:0:0:0:
448,192,13658,1,0,0:0:0:0:0:
64,192,13850,1,0,0:0:0:0:0:
448,192,13941,1,0,0:0:0:0:0:
320,192,14122,1,0,0:0:0:0:0:
64,192,14378,1,0,0:0:0:0:0:
448,192,14671,1,0,0:0:0:0:0:
64,192,14810,1,0,0:0:0:0:0:
448,192,14938,1,0,0:0:0:0:0:
64,192,15071,1,0,0:0:0:0:0:
448,192,15338,1,0,0:0:0:0:0:
320,192,15727,128,0,16229:0:0:0:0:
64,192,16682,1,0,0:0:0:0:0:
448,192,17040,1,0,0:0:0:0:0:
320,192,17941,1,0,0:0:0:0:0:
448,192,18847,128,0,20607:0:0:0:0:
64,192,20602,1,0,0:0:0:0:0:
320,192,20762,1,0,0:0:0:0:0:
448,192,20858,1,0,0:0:0:0:0:
64,192,21002,1,0,0:0:0:0:0:
448,192,21290,1,0,0:0:0:0:0:
448,192,21610,1,0,0:0:0:0:0:
64,192,21728,1,0,0:0:0:0:0:
448,192,21850,1,0,0:0:0:0:0:
320,192,22208,1,0,0:0:0:0:0:
64,192,22538,1,0,0:0:0:0:0:
448,192,22730,1,0,0:0:0:0:0:
64,192,22890,1,0,0:0:0:0:0:
448,192,23280,1,0,0:0:0:0:0:
192,192,23568,1,0,0:0:0:0:0:
448,192,24591,1,0,0:0:0:0:0:
64,192,24970,128,0,25872:0:0:0:0:
320,192,26010,128,0,26650:0:0:0:0:
448,192,27007,128,0,27567:0:0:0:0:
64,192,28442,1,0,0:0:0:0:0:
448,192,28570,1,0,0:0:0:0:0:
320,192,28730,1,0,0:0:0:0:0:
64,192,28869,1,0,0:0:0:0:0:
448,192,29040,1,0,0:0:0:0:0:
64,192,29247,1,0,0:0:0:0:0:
320,192,29578,1,0,0:0:0:0:0:
448,192,29728,1,0,0:0:0:0:0:
64,192,29840,1,0,0:0:0:0:0:
448,192,29941,1,0,0:0:0:0:0:
64,192,30239,1,0,0:0:0:0:0:
192,192,30559,1,0,0:0:0:0:0:
448,192,30762,1,0,0:0:0:0:0:
64,192,30832,1,0,0:0:0:0:0:
448,192,31007,1,0,0:0:0:0:0:
320,192,31312,1,0,0:0:0:0:0:
64,192,31589,1,0,0:0:0:0:0:
64,192,32581,1,0,0:0:0:0:0:
448,192,32922,128,0,33989:0:0:0:0:
320,192,33930,128,0,34650:0:0:0:0:
192,192,34768,128,0,40250:0:0:0:0:
