osu file format v14



[General]

AudioFilename: audio.mp3

AudioLeadIn: 0

PreviewTime: 2739

Countdown: 0

SampleSet: Soft

StackLeniency: 0.7

Mode: 3

LetterboxInBreaks: 0

SpecialStyle: 0

WidescreenStoryboard: 0



[Editor]

DistanceSpacing: 1

BeatDivisor: 6

GridSize: 32

TimelineZoom: 1.9



[Metadata]

Title:Nokia Tune 2007

TitleUnicode:Nokia Tune 2007

Artist:Nokia Design Team

ArtistUnicode:Nokia Design Team

Creator:Revv-

Version:Sava's Easy

Source:

Tags:savageeeee instrumental ringtone nokiatune classical Gran Vals Francisco Tárrega Tarrega nu-folk nu folk guitar Tapio Hakanen

BeatmapID:5369427

BeatmapSetID:2456432



[Difficulty]

HPDrainRate:6.5

CircleSize:4

OverallDifficulty:6.5

ApproachRate:5

SliderMultiplier:1.4

SliderTickRate:1



[Events]

//Background and Video events

0,0,"bg.jpg",0,0

//Break Periods

//Storyboard Layer 0 (Background)

//Storyboard Layer 1 (Fail)

//Storyboard Layer 2 (Pass)

//Storyboard Layer 3 (Foreground)

//Storyboard Layer 4 (Overlay)

//Storyboard Sound Samples



[TimingPoints]

1071.3393918604,1000,4,2,1,40,1,0

2071.3393884217,1043.47826086957,4,2,1,40,1,8

2071.3393884217,-95.8333333333333,4,2,1,40,0,8

2419.16547537823,944.88188976378,4,2,1,40,1,8

2419.16547537823,-105.833333333333,4,2,1,40,0,8

2734.12610529949,1052.63157894737,4,2,1,40,1,8

2734.12610529949,-95,4,2,1,40,0,8

2909.56470179071,952.380952380952,4,2,1,40,1,8

2909.56470179071,-105,4,2,1,40,0,8

3068.29486052087,1000,4,2,1,40,1,8

4068.2945276807,909.090909090909,4,2,1,40,1,8

4068.2945276807,-110.000000011,4,2,1,40,0,8

4371.324830711,1016.94915254237,4,2,1,40,1,8

4371.324830711,-98.3333332890833,4,2,1,40,0,8

5049.29093240591,1016.94915254237,4,2,1,40,1,0

5049.29093240591,-98.3333332890833,4,2,1,40,0,0

6066.24008494829,967.741935483871,4,2,1,40,1,8

6066.24008494829,-103.333333385,4,2,1,40,0,8

7033.98202043216,999.999999999999,4,2,1,40,1,8

9033.98202043216,1000,4,2,1,40,1,0

10700.6486870988,1034.48275862069,4,2,1,40,1,8

10700.6486870988,-96.6666666312222,4,2,1,40,0,8

11390.3038595126,937.5,4,2,1,40,1,8

11390.3038595126,-106.666666666667,4,2,1,40,0,8

11702.8038595126,1052.63157894737,4,2,1,40,1,8

11702.8038595126,-94.99999999525,4,2,1,40,0,8

12053.6810524951,952.380952380952,4,2,1,40,1,8

12053.6810524951,-105.000000042,4,2,1,40,0,8

12371.1413699554,983.606557377049,4,2,1,40,1,8

12371.1413699554,-101.666666705639,4,2,1,40,0,8

13026.8790748734,983.606557377049,4,2,1,40,1,0

13026.8790748734,-101.666666705639,4,2,1,40,0,0

13682.6167797915,1052.63157894737,4,2,1,40,1,8

13682.6167797915,-94.99999999525,4,2,1,40,0,8

14033.4939727739,967.74193548387,4,2,1,40,1,8

14033.4939727739,-103.333333385,4,2,1,40,0,8

15001.2359082578,999.999999999999,4,2,1,40,1,8

17001.2359082578,1000,4,2,1,40,1,0

18001.2359507777,983.606557377049,4,2,1,40,1,8

18001.2359507777,-101.666666705639,4,2,1,40,0,8

18656.9736556957,1071.42857142857,4,2,1,40,1,8

18656.9736556957,-93.3333333706667,4,2,1,40,0,8

18835.5450842671,952.380952380952,4,2,1,40,1,8

18835.5450842671,-105.000000042,4,2,1,40,0,8

18994.2752429973,991.735537190082,4,2,1,40,1,8

18994.2752429973,-100.83333335266,4,2,1,40,0,8

19986.0107801874,930.232558139534,4,2,1,40,1,8

19986.0107801874,-107.500000016125,4,2,1,40,0,8

20296.0882995672,1016.94915254237,4,2,1,40,1,8

20296.0882995672,-98.3333332890833,4,2,1,40,0,8

20974.0544012621,1016.94915254237,4,2,1,40,1,0

20974.0544012621,-98.3333332890833,4,2,1,40,0,0

22329.986604652,937.5,4,2,1,40,1,8

22329.986604652,-106.666666666667,4,2,1,40,0,8

22954.986604652,1071.42857142857,4,2,1,40,1,8

22954.986604652,-93.3333333706667,4,2,1,40,0,8

23669.2723189377,895.522388059701,4,2,1,40,1,8

23669.2723189377,-111.666666674111,4,2,1,40,0,8

23967.7797816242,991.735537190082,4,2,1,40,1,8

23967.7797816242,-100.83333335266,4,2,1,40,0,8

24959.5153188143,991.735537190082,4,2,1,40,1,0

24959.5153188143,-100.83333335266,4,2,1,40,0,0

26942.9863931945,1043.47826086956,4,2,1,40,1,8

26942.9863931945,-95.8333333213542,4,2,1,40,0,8

27290.812480151,960,4,2,1,40,1,8

27290.812480151,-104.166666666667,4,2,1,40,0,8

27610.812480151,1034.48275862069,4,2,1,40,1,8

27610.812480151,-96.6666666312222,4,2,1,40,0,8

27955.6400663579,967.741935483871,4,2,1,40,1,8

27955.6400663579,-103.333333385,4,2,1,40,0,8

28600.8013566805,1052.63157894737,4,2,1,40,1,8

28600.8013566805,-94.99999999525,4,2,1,40,0,8

28776.2399531717,975.60975609756,4,2,1,40,1,8

28776.2399531717,-102.50000001025,4,2,1,40,0,8

28938.841579188,975.60975609756,4,2,1,40,1,0

28938.841579188,-102.50000001025,4,2,1,40,0,0

29589.248083253,1008.40336134454,4,2,1,40,1,8

29589.248083253,-99.1666667005486,4,2,1,40,0,8

30933.7858983791,983.606557377049,4,2,1,40,1,8

30933.7858983791,-101.666666705639,4,2,1,40,0,8

31261.6547508381,952.380952380952,4,2,1,40,1,8

31261.6547508381,-105.000000042,4,2,1,40,0,8

31579.1150682984,1071.42857142857,4,2,1,40,1,8

31579.1150682984,-93.3333333706667,4,2,1,40,0,8

31936.2579254413,983.606557377049,4,2,1,40,1,8

31936.2579254413,-101.666666705639,4,2,1,40,0,8

32919.8644828183,1000,4,2,1,40,1,0





[HitObjects]

64,192,1071,128,0,2734:0:0:0:0:

448,192,2071,1,0,0:0:0:0:

448,192,2734,128,0,3068:0:0:0:0:

192,192,3068,1,0,0:0:0:0:

320,192,3401,1,0,0:0:0:0:

64,192,3734,128,0,4068:0:0:0:0:

320,192,4068,1,0,0:0:0:0:

192,192,4371,1,0,0:0:0:0:

448,192,4710,128,0,5049:0:0:0:0:

64,192,5049,1,0,0:0:0:0:

192,192,5388,1,0,0:0:0:0:

320,192,5727,128,0,7033:0:0:0:0:

64,192,7033,128,0,9033:0:0:0:0:

448,192,8033,1,0,0:0:0:0:

448,192,9033,128,0,10700:0:0:0:0:

64,192,10033,1,0,0:0:0:0:

192,192,10700,128,0,11045:0:0:0:0:

320,192,11045,1,0,0:0:0:0:

64,192,11390,1,0,0:0:0:0:

320,192,11702,128,0,12053:0:0:0:0:

192,192,12053,1,0,0:0:0:0:

448,192,12371,1,0,0:0:0:0:

64,192,12699,128,0,13026:0:0:0:0:

448,192,13026,1,0,0:0:0:0:

320,192,13354,1,0,0:0:0:0:

192,192,13682,128,0,15001:0:0:0:0:

448,192,15001,128,0,17001:0:0:0:0:

64,192,16001,1,0,0:0:0:0:

64,192,17001,128,0,18656:0:0:0:0:

320,192,18001,1,0,0:0:0:0:

448,192,18656,128,0,18994:0:0:0:0:

192,192,18994,1,0,0:0:0:0:

64,192,19324,1,0,0:0:0:0:

320,192,19655,128,0,19986:0:0:0:0:

192,192,19986,1,0,0:0:0:0:

448,192,20296,1,0,0:0:0:0:

64,192,20635,128,0,20974:0:0:0:0:

192,192,20974,1,0,0:0:0:0:

320,192,21313,1,0,0:0:0:0:

448,192,21652,128,0,22954:0:0:0:0:

192,192,22954,128,0,24959:0:0:0:0:

320,192,23967,1,0,0:0:0:0:

320,192,24959,128,0,26612:0:0:0:0:

64,192,25951,1,0,0:0:0:0:

64,192,26612,128,0,26942:0:0:0:0:

448,192,26942,1,0,0:0:0:0:

320,192,27290,1,0,0:0:0:0:

192,192,27610,128,0,27955:0:0:0:0:

448,192,27955,1,0,0:0:0:0:

64,192,28278,1,0,0:0:0:0:

320,192,28600,128,0,28938:0:0:0:0:

192,192,28938,1,0,0:0:0:0:

448,192,29264,1,0,0:0:0:0:

64,192,29589,128,0,30933:0:0:0:0:

320,192,30933,128,0,32919:0:0:0:0:

192,192,31936,1,0,0:0:0:0:

448,192,32919,128,0,37585:0:0:0:0:

64,192,32919,1,0,0:0:0:0: