osu file format v14
[General]
AudioFilename: audio.mp3
AudioLeadIn: 0
Mode: 3
[Difficulty]
CircleSize: 4
[TimingPoints]
0,500,4,1,0,100,1,0
[HitObjects]
448,192,5136,1,0,0:0:0:0:0:
64,192,5146,1,0,0:0:0:0:0:
320,192,5248,1,0,0:0:0:0:0:
448,192,5530,1,0,0:0:0:0:0:
64,192,5818,1,0,0:0:0:0:0:
448,192,5989,1,0,0:0:0:0:0:
64,192,6127,1,0,0:0:0:0:0:
448,192,6266,1,0,0:0:0:0:0:
64,192,6570,1,0,0:0:0:0:0:
320,192,6858,1,0,0:0:0:0:0:
448,192,6970,1,0,0:0:0:0:0:
64,192,7098,1,0,0:0:0:0:0:
448,192,7178,1,0,0:0:0:0:0:
64,192,7487,1,0,0:0:0:0:0:
320,192,7850,1,0,0:0:0:0:0:
64,192,8746,1,0,0:0:0:0:0:
448,192,9189,1,0,0:0:0:0:0:
320,192,10186,1,0,0:0:0:0:0:
64,192,11189,128,0,12938:0:0:0:0:
448,192,12917,1,0,0:0:0:0:0:
64,192,13088,1,0,0:0:0:0:0:
448,192,13189,1,0,0:0:0:0:0:
64,192,13498,1,0,0:0:0:0:0:
448,192,13840,1,0,0:0:0:0:0:
64,192,13978,1,0,0:0:0:0:0:
448,192,14138,1,0,0:0:0:0:0:
64,192,14469,1,0,0:0:0:0:0:
448,192,14847,1,0,0:0:0:0:0:
64,192,14928,1,0,0:0:0:0:0:
448,192,15119,1,0,0:0:0:0:0:
448,192,15456,1,0,0:0:0:0:0:
320,192,15776,1,0,0:0:0:0:0:
64,192,16736,1,0,0:0:0:0:0:
448,192,17087,1,0,0:0:0:0:0:
64,192,18010,1,0,0:0:0:0:0:
320,192,19130,128,0,20560:0:0:0:0:
64,192,20789,1,0,0:0:0:0:0:
448,192,21087,128,0,22090:0:0:0:0:
320,192,22106,1,0,0:0:0:0:0:
64,192,22319,1,0,0:0:0:0:0:
448,192,22378,1,0,0:0:0:0:0:
64,192,22496,1,0,0:0:0:0:0:
320,192,22629,1,0,0:0:0:0:0:
448,192,22736,1,0,0:0:0:0:0:
64,192,22938,1,0,0:0:0:0:0:
64,192,23338,128,0,24800:0:0:0:0:
448,192,24895,1,0,0:0:0:0:0:
64,192,25237,1,0,0:0:0:0:0:
320,192,26106,1,0,0:0:0:0:0:
64,192,27135,1,0,0:0:0:0:0:
448,192,28650,1,0,0:0:0:0:0:
64,192,29029,1,0,0:0:0:0:0:
448,192,29818,1,0,0:0:0:0:0:
64,192,29957,1,0,0:0:0:0:0:
320,192,30058,1,0,0:0:0:0:0:
448,192,30170,1,0,0:0:0:0:0:
64,192,30815,128,0,32506:0:0:0:0:
448,192,32687,1,0,0:0:0:0:0:
64,192,33007,1,0,0:0:0:0:0:
320,192,34026,1,0,0:0:0:0:0:
448,192,34997,1,0,0:0:0:0:0:
64,192,35077,128,0,40618:0:0:0:0:
